000000000000000001
000000000000000001
000000000000001000
000000000000001000
000000000000001000
000000000000001000
000000000000001000
000000000000001000
000000000000010000
000000000000010000
000000000000010000
000000000000010000
000000000000010001
000000000000100000
000000000010000000
000000000010000000
000000000010000000
000000000010000000
000000000010000000
000000000010000000
000000000010000000
000000000010000001
000000000010000010
000000000100000000
000000001000000000
000000010000000000
000000010000000000
000000010000000000
000000010000000000
000000010000000000
000000010000000000
000000010000000010
000000100000000000
000000100000000000
000000100000000000
000000100000000000
000000100000000000
000000100000000000
000000100000000000
000000100000000000
000000100000001000
000000100010010000
000001000000000000
000010000000000000
000010100010000000
000011001000000000
000011110000000000
000100000000000000
000100000000000000
000100000000000000
000100000000000000
000100000000000001
000100000000001000
000100000000100000
000100000100000001
000100010000000010
000100100001000000
000100100010010000
001000000000000000
001000000000000010
001000000001000000
010000001001000001
010000100000000000
010010010001000000
010100100010000000
011011010110000000
011100000000000000
100000000000000001
100000000000000001
100000000000000001
100000000001000000
100010000000000000
101000001000000000
101011000000000000
111000100010001000
111100100010000000
